1 5 15
5 6 35
35 15 5
15 35 16
6 7 36
36 35 6
35 36 37
37 16 35
16 37 17
7 8 38
38 36 7
36 38 39
39 37 36
37 39 40
40 17 37
17 40 18
8 9 41
41 38 8
38 41 42
42 39 38
39 42 43
43 40 39
40 43 44
44 18 40
18 44 19
9 2 10
10 41 9
41 10 11
11 42 41
42 11 12
12 43 42
43 12 13
13 44 43
44 13 14
14 19 44
19 14 3
1 20 5
20 21 45
45 5 20
5 45 6
21 22 46
46 45 21
45 46 47
47 6 45
6 47 7
22 23 48
48 46 22
46 48 49
49 47 46
47 49 50
50 7 47
7 50 8
23 24 51
51 48 23
48 51 52
52 49 48
49 52 53
53 50 49
50 53 54
54 8 50
8 54 9
24 4 29
29 51 24
51 29 28
28 52 51
52 28 27
27 53 52
53 27 26
26 54 53
54 26 25
25 9 54
9 25 2
2 25 10
25 26 55
55 10 25
10 55 11
26 27 56
56 55 26
55 56 57
57 11 55
11 57 12
27 28 58
58 56 27
56 58 59
59 57 56
57 59 60
60 12 57
12 60 13
28 29 61
61 58 28
58 61 62
62 59 58
59 62 63
63 60 59
60 63 64
64 13 60
13 64 14
29 4 34
34 61 29
61 34 33
33 62 61
62 33 32
32 63 62
63 32 31
31 64 63
64 31 30
30 14 64
14 30 3
3 30 19
30 31 65
65 19 30
19 65 18
31 32 66
66 65 31
65 66 67
67 18 65
18 67 17
32 33 68
68 66 32
66 68 69
69 67 66
67 69 70
70 17 67
17 70 16
33 34 71
71 68 33
68 71 72
72 69 68
69 72 73
73 70 69
70 73 74
74 16 70
16 74 15
34 4 24
24 71 34
71 24 23
23 72 71
72 23 22
22 73 72
73 22 21
21 74 73
74 21 20
20 15 74
15 20 1
