3 27 28 1
4 28 29 1
5 29 30 1
6 30 31 1
7 31 32 1
8 32 33 1
9 33 34 1
10 34 35 1
11 35 36 1
12 36 37 1
13 37 38 1
14 38 39 1
15 39 40 1
16 40 41 1
17 41 42 1
18 42 43 1
19 43 44 1
20 44 45 1
21 45 46 1
22 46 47 1
23 47 48 1
24 48 49 1
25 49 50 1
26 50 27 1
27 51 52 1
28 52 53 1
29 53 54 1
30 54 55 1
31 55 56 1
32 56 57 1
33 57 58 1
34 58 59 1
35 59 60 1
36 60 61 1
37 61 62 1
38 62 63 1
39 63 64 1
40 64 65 1
41 65 66 1
42 66 67 1
43 67 68 1
44 68 69 1
45 69 70 1
46 70 71 1
47 71 72 1
48 72 73 1
49 73 74 1
50 74 51 1
51 75 76 1
52 76 77 1
53 77 78 1
54 78 79 1
55 79 80 1
56 80 81 1
57 81 82 1
58 82 83 1
59 83 84 1
60 84 85 1
61 85 86 1
62 86 87 1
63 87 88 1
64 88 89 1
65 89 90 1
66 90 91 1
67 91 92 1
68 92 93 1
69 93 94 1
70 94 95 1
71 95 96 1
72 96 97 1
73 97 98 1
74 98 75 1
75 99 100 1
76 100 101 1
77 101 102 1
78 102 103 1
79 103 104 1
80 104 105 1
81 105 106 1
82 106 107 1
83 107 108 1
84 108 109 1
85 109 110 1
86 110 111 1
87 111 112 1
88 112 113 1
89 113 114 1
90 114 115 1
91 115 116 1
92 116 117 1
93 117 118 1
94 118 119 1
95 119 120 1
96 120 121 1
97 121 122 1
98 122 99 1
99 123 124 1
100 124 125 1
101 125 126 1
102 126 127 1
103 127 128 1
104 128 129 1
105 129 130 1
106 130 131 1
107 131 132 1
108 132 133 1
109 133 134 1
110 134 135 1
111 135 136 1
112 136 137 1
113 137 138 1
114 138 139 1
115 139 140 1
116 140 141 1
117 141 142 1
118 142 143 1
119 143 144 1
120 144 145 1
121 145 146 1
122 146 123 1
123 147 148 1
124 148 149 1
125 149 150 1
126 150 151 1
127 151 152 1
128 152 153 1
129 153 154 1
130 154 155 1
131 155 156 1
132 156 157 1
133 157 158 1
134 158 159 1
135 159 160 1
136 160 161 1
137 161 162 1
138 162 163 1
139 163 164 1
140 164 165 1
141 165 166 1
142 166 167 1
143 167 168 1
144 168 169 1
145 169 170 1
146 170 147 1
147 171 172 1
148 172 173 1
149 173 174 1
150 174 175 1
151 175 176 1
152 176 177 1
153 177 178 1
154 178 179 1
155 179 180 1
156 180 181 1
157 181 182 1
158 182 183 1
159 183 184 1
160 184 185 1
161 185 186 1
162 186 187 1
163 187 188 1
164 188 189 1
165 189 190 1
166 190 191 1
167 191 192 1
168 192 193 1
169 193 194 1
170 194 171 1
171 195 196 1
172 196 197 1
173 197 198 1
174 198 199 1
175 199 200 1
176 200 201 1
177 201 202 1
178 202 203 1
179 203 204 1
180 204 205 1
181 205 206 1
182 206 207 1
183 207 208 1
184 208 209 1
185 209 210 1
186 210 211 1
187 211 212 1
188 212 213 1
189 213 214 1
190 214 215 1
191 215 216 1
192 216 217 1
193 217 218 1
194 218 195 1
195 219 220 1
196 220 221 1
197 221 222 1
198 222 223 1
199 223 224 1
200 224 225 1
201 225 226 1
202 226 227 1
203 227 228 1
204 228 229 1
205 229 230 1
206 230 231 1
207 231 232 1
208 232 233 1
209 233 234 1
210 234 235 1
211 235 236 1
212 236 237 1
213 237 238 1
214 238 239 1
215 239 240 1
216 240 241 1
217 241 242 1
218 242 219 1
219 243 244 1
220 244 245 1
221 245 246 1
222 246 247 1
223 247 248 1
224 248 249 1
225 249 250 1
226 250 251 1
227 251 252 1
228 252 253 1
229 253 254 1
230 254 255 1
231 255 256 1
232 256 257 1
233 257 258 1
234 258 259 1
235 259 260 1
236 260 261 1
237 261 262 1
238 262 263 1
239 263 264 1
240 264 265 1
241 265 266 1
242 266 243 1
1 3 4 1
244 243 2 1
1 4 5 1
245 244 2 1
1 5 6 1
246 245 2 1
1 6 7 1
247 246 2 1
1 7 8 1
248 247 2 1
1 8 9 1
249 248 2 1
1 9 10 1
250 249 2 1
1 10 11 1
251 250 2 1
1 11 12 1
252 251 2 1
1 12 13 1
253 252 2 1
1 13 14 1
254 253 2 1
1 14 15 1
255 254 2 1
1 15 16 1
256 255 2 1
1 16 17 1
257 256 2 1
1 17 18 1
258 257 2 1
1 18 19 1
259 258 2 1
1 19 20 1
260 259 2 1
1 20 21 1
261 260 2 1
1 21 22 1
262 261 2 1
1 22 23 1
263 262 2 1
1 23 24 1
264 263 2 1
1 24 25 1
265 264 2 1
1 25 26 1
266 265 2 1
1 26 3 1
243 266 2 1
3 28 4 1
4 29 5 1
5 30 6 1
6 31 7 1
7 32 8 1
8 33 9 1
9 34 10 1
10 35 11 1
11 36 12 1
12 37 13 1
13 38 14 1
14 39 15 1
15 40 16 1
16 41 17 1
17 42 18 1
18 43 19 1
19 44 20 1
20 45 21 1
21 46 22 1
22 47 23 1
23 48 24 1
24 49 25 1
25 50 26 1
26 27 3 1
27 52 28 1
28 53 29 1
29 54 30 1
30 55 31 1
31 56 32 1
32 57 33 1
33 58 34 1
34 59 35 1
35 60 36 1
36 61 37 1
37 62 38 1
38 63 39 1
39 64 40 1
40 65 41 1
41 66 42 1
42 67 43 1
43 68 44 1
44 69 45 1
45 70 46 1
46 71 47 1
47 72 48 1
48 73 49 1
49 74 50 1
50 51 27 1
51 76 52 1
52 77 53 1
53 78 54 1
54 79 55 1
55 80 56 1
56 81 57 1
57 82 58 1
58 83 59 1
59 84 60 1
60 85 61 1
61 86 62 1
62 87 63 1
63 88 64 1
64 89 65 1
65 90 66 1
66 91 67 1
67 92 68 1
68 93 69 1
69 94 70 1
70 95 71 1
71 96 72 1
72 97 73 1
73 98 74 1
74 75 51 1
75 100 76 1
76 101 77 1
77 102 78 1
78 103 79 1
79 104 80 1
80 105 81 1
81 106 82 1
82 107 83 1
83 108 84 1
84 109 85 1
85 110 86 1
86 111 87 1
87 112 88 1
88 113 89 1
89 114 90 1
90 115 91 1
91 116 92 1
92 117 93 1
93 118 94 1
94 119 95 1
95 120 96 1
96 121 97 1
97 122 98 1
98 99 75 1
99 124 100 1
100 125 101 1
101 126 102 1
102 127 103 1
103 128 104 1
104 129 105 1
105 130 106 1
106 131 107 1
107 132 108 1
108 133 109 1
109 134 110 1
110 135 111 1
111 136 112 1
112 137 113 1
113 138 114 1
114 139 115 1
115 140 116 1
116 141 117 1
117 142 118 1
118 143 119 1
119 144 120 1
120 145 121 1
121 146 122 1
122 123 99 1
123 148 124 1
124 149 125 1
125 150 126 1
126 151 127 1
127 152 128 1
128 153 129 1
129 154 130 1
130 155 131 1
131 156 132 1
132 157 133 1
133 158 134 1
134 159 135 1
135 160 136 1
136 161 137 1
137 162 138 1
138 163 139 1
139 164 140 1
140 165 141 1
141 166 142 1
142 167 143 1
143 168 144 1
144 169 145 1
145 170 146 1
146 147 123 1
147 172 148 1
148 173 149 1
149 174 150 1
150 175 151 1
151 176 152 1
152 177 153 1
153 178 154 1
154 179 155 1
155 180 156 1
156 181 157 1
157 182 158 1
158 183 159 1
159 184 160 1
160 185 161 1
161 186 162 1
162 187 163 1
163 188 164 1
164 189 165 1
165 190 166 1
166 191 167 1
167 192 168 1
168 193 169 1
169 194 170 1
170 171 147 1
171 196 172 1
172 197 173 1
173 198 174 1
174 199 175 1
175 200 176 1
176 201 177 1
177 202 178 1
178 203 179 1
179 204 180 1
180 205 181 1
181 206 182 1
182 207 183 1
183 208 184 1
184 209 185 1
185 210 186 1
186 211 187 1
187 212 188 1
188 213 189 1
189 214 190 1
190 215 191 1
191 216 192 1
192 217 193 1
193 218 194 1
194 195 171 1
195 220 196 1
196 221 197 1
197 222 198 1
198 223 199 1
199 224 200 1
200 225 201 1
201 226 202 1
202 227 203 1
203 228 204 1
204 229 205 1
205 230 206 1
206 231 207 1
207 232 208 1
208 233 209 1
209 234 210 1
210 235 211 1
211 236 212 1
212 237 213 1
213 238 214 1
214 239 215 1
215 240 216 1
216 241 217 1
217 242 218 1
218 219 195 1
219 244 220 1
220 245 221 1
221 246 222 1
222 247 223 1
223 248 224 1
224 249 225 1
225 250 226 1
226 251 227 1
227 252 228 1
228 253 229 1
229 254 230 1
230 255 231 1
231 256 232 1
232 257 233 1
233 258 234 1
234 259 235 1
235 260 236 1
236 261 237 1
237 262 238 1
238 263 239 1
239 264 240 1
240 265 241 1
241 266 242 1
242 243 219 1
267 268 279 2
268 269 280 2
269 270 281 2
270 271 282 2
271 272 283 2
272 273 284 2
273 274 285 2
274 275 286 2
275 276 287 2
276 277 288 2
277 278 278 2
267 279 289 2
279 280 290 2
280 281 291 2
281 282 292 2
282 283 293 2
283 284 294 2
284 285 295 2
285 286 296 2
286 287 297 2
287 288 298 2
288 278 278 2
267 289 299 2
289 290 300 2
290 291 301 2
291 292 302 2
292 293 303 2
293 294 304 2
294 295 305 2
295 296 306 2
296 297 307 2
297 298 308 2
298 278 278 2
267 299 309 2
299 300 310 2
300 301 311 2
301 302 312 2
302 303 313 2
303 304 314 2
304 305 315 2
305 306 316 2
306 307 317 2
307 308 318 2
308 278 278 2
267 309 319 2
309 310 320 2
310 311 321 2
311 312 322 2
312 313 323 2
313 314 324 2
314 315 325 2
315 316 326 2
316 317 327 2
317 318 328 2
318 278 278 2
267 319 329 2
319 320 330 2
320 321 331 2
321 322 332 2
322 323 333 2
323 324 334 2
324 325 335 2
325 326 336 2
326 327 337 2
327 328 338 2
328 278 278 2
267 329 339 2
329 330 340 2
330 331 341 2
331 332 342 2
332 333 343 2
333 334 344 2
334 335 345 2
335 336 346 2
336 337 347 2
337 338 348 2
338 278 278 2
267 339 349 2
339 340 350 2
340 341 351 2
341 342 352 2
342 343 353 2
343 344 354 2
344 345 355 2
345 346 356 2
346 347 357 2
347 348 358 2
348 278 278 2
267 349 359 2
349 350 360 2
350 351 361 2
351 352 362 2
352 353 363 2
353 354 364 2
354 355 365 2
355 356 366 2
356 357 367 2
357 358 368 2
358 278 278 2
267 359 369 2
359 360 370 2
360 361 371 2
361 362 372 2
362 363 373 2
363 364 374 2
364 365 375 2
365 366 376 2
366 367 377 2
367 368 378 2
368 278 278 2
267 369 379 2
369 370 380 2
370 371 381 2
371 372 382 2
372 373 383 2
373 374 384 2
374 375 385 2
375 376 386 2
376 377 387 2
377 378 388 2
378 278 278 2
267 379 389 2
379 380 390 2
380 381 391 2
381 382 392 2
382 383 393 2
383 384 394 2
384 385 395 2
385 386 396 2
386 387 397 2
387 388 398 2
388 278 278 2
267 389 399 2
389 390 400 2
390 391 401 2
391 392 402 2
392 393 403 2
393 394 404 2
394 395 405 2
395 396 406 2
396 397 407 2
397 398 408 2
398 278 278 2
267 399 409 2
399 400 410 2
400 401 411 2
401 402 412 2
402 403 413 2
403 404 414 2
404 405 415 2
405 406 416 2
406 407 417 2
407 408 418 2
408 278 278 2
267 409 419 2
409 410 420 2
410 411 421 2
411 412 422 2
412 413 423 2
413 414 424 2
414 415 425 2
415 416 426 2
416 417 427 2
417 418 428 2
418 278 278 2
267 419 429 2
419 420 430 2
420 421 431 2
421 422 432 2
422 423 433 2
423 424 434 2
424 425 435 2
425 426 436 2
426 427 437 2
427 428 438 2
428 278 278 2
267 429 439 2
429 430 440 2
430 431 441 2
431 432 442 2
432 433 443 2
433 434 444 2
434 435 445 2
435 436 446 2
436 437 447 2
437 438 448 2
438 278 278 2
267 439 449 2
439 440 450 2
440 441 451 2
441 442 452 2
442 443 453 2
443 444 454 2
444 445 455 2
445 446 456 2
446 447 457 2
447 448 458 2
448 278 278 2
267 449 459 2
449 450 460 2
450 451 461 2
451 452 462 2
452 453 463 2
453 454 464 2
454 455 465 2
455 456 466 2
456 457 467 2
457 458 468 2
458 278 278 2
267 459 469 2
459 460 470 2
460 461 471 2
461 462 472 2
462 463 473 2
463 464 474 2
464 465 475 2
465 466 476 2
466 467 477 2
467 468 478 2
468 278 278 2
267 469 479 2
469 470 480 2
470 471 481 2
471 472 482 2
472 473 483 2
473 474 484 2
474 475 485 2
475 476 486 2
476 477 487 2
477 478 488 2
478 278 278 2
267 479 489 2
479 480 490 2
480 481 491 2
481 482 492 2
482 483 493 2
483 484 494 2
484 485 495 2
485 486 496 2
486 487 497 2
487 488 498 2
488 278 278 2
267 489 499 2
489 490 500 2
490 491 501 2
491 492 502 2
492 493 503 2
493 494 504 2
494 495 505 2
495 496 506 2
496 497 507 2
497 498 508 2
498 278 278 2
267 499 509 2
499 500 510 2
500 501 511 2
501 502 512 2
502 503 513 2
503 504 514 2
504 505 515 2
505 506 516 2
506 507 517 2
507 508 518 2
508 278 278 2
267 509 519 2
509 510 520 2
510 511 521 2
511 512 522 2
512 513 523 2
513 514 524 2
514 515 525 2
515 516 526 2
516 517 527 2
517 518 528 2
518 278 278 2
267 519 529 2
519 520 530 2
520 521 531 2
521 522 532 2
522 523 533 2
523 524 534 2
524 525 535 2
525 526 536 2
526 527 537 2
527 528 538 2
528 278 278 2
267 529 539 2
529 530 540 2
530 531 541 2
531 532 542 2
532 533 543 2
533 534 544 2
534 535 545 2
535 536 546 2
536 537 547 2
537 538 548 2
538 278 278 2
267 539 549 2
539 540 550 2
540 541 551 2
541 542 552 2
542 543 553 2
543 544 554 2
544 545 555 2
545 546 556 2
546 547 557 2
547 548 558 2
548 278 278 2
267 549 559 2
549 550 560 2
550 551 561 2
551 552 562 2
552 553 563 2
553 554 564 2
554 555 565 2
555 556 566 2
556 557 567 2
557 558 568 2
558 278 278 2
267 559 569 2
559 560 570 2
560 561 571 2
561 562 572 2
562 563 573 2
563 564 574 2
564 565 575 2
565 566 576 2
566 567 577 2
567 568 578 2
568 278 278 2
267 569 579 2
569 570 580 2
570 571 581 2
571 572 582 2
572 573 583 2
573 574 584 2
574 575 585 2
575 576 586 2
576 577 587 2
577 578 588 2
578 278 278 2
267 579 589 2
579 580 590 2
580 581 591 2
581 582 592 2
582 583 593 2
583 584 594 2
584 585 595 2
585 586 596 2
586 587 597 2
587 588 598 2
588 278 278 2
267 589 599 2
589 590 600 2
590 591 601 2
591 592 602 2
592 593 603 2
593 594 604 2
594 595 605 2
595 596 606 2
596 597 607 2
597 598 608 2
598 278 278 2
267 599 609 2
599 600 610 2
600 601 611 2
601 602 612 2
602 603 613 2
603 604 614 2
604 605 615 2
605 606 616 2
606 607 617 2
607 608 618 2
608 278 278 2
267 609 619 2
609 610 620 2
610 611 621 2
611 612 622 2
612 613 623 2
613 614 624 2
614 615 625 2
615 616 626 2
616 617 627 2
617 618 628 2
618 278 278 2
267 619 268 2
619 620 269 2
620 621 270 2
621 622 271 2
622 623 272 2
623 624 273 2
624 625 274 2
625 626 275 2
626 627 276 2
627 628 277 2
628 278 278 2
268 280 279 2
269 281 280 2
270 282 281 2
271 283 282 2
272 284 283 2
273 285 284 2
274 286 285 2
275 287 286 2
276 288 287 2
277 278 288 2
279 290 289 2
280 291 290 2
281 292 291 2
282 293 292 2
283 294 293 2
284 295 294 2
285 296 295 2
286 297 296 2
287 298 297 2
288 278 298 2
289 300 299 2
290 301 300 2
291 302 301 2
292 303 302 2
293 304 303 2
294 305 304 2
295 306 305 2
296 307 306 2
297 308 307 2
298 278 308 2
299 310 309 2
300 311 310 2
301 312 311 2
302 313 312 2
303 314 313 2
304 315 314 2
305 316 315 2
306 317 316 2
307 318 317 2
308 278 318 2
309 320 319 2
310 321 320 2
311 322 321 2
312 323 322 2
313 324 323 2
314 325 324 2
315 326 325 2
316 327 326 2
317 328 327 2
318 278 328 2
319 330 329 2
320 331 330 2
321 332 331 2
322 333 332 2
323 334 333 2
324 335 334 2
325 336 335 2
326 337 336 2
327 338 337 2
328 278 338 2
329 340 339 2
330 341 340 2
331 342 341 2
332 343 342 2
333 344 343 2
334 345 344 2
335 346 345 2
336 347 346 2
337 348 347 2
338 278 348 2
339 350 349 2
340 351 350 2
341 352 351 2
342 353 352 2
343 354 353 2
344 355 354 2
345 356 355 2
346 357 356 2
347 358 357 2
348 278 358 2
349 360 359 2
350 361 360 2
351 362 361 2
352 363 362 2
353 364 363 2
354 365 364 2
355 366 365 2
356 367 366 2
357 368 367 2
358 278 368 2
359 370 369 2
360 371 370 2
361 372 371 2
362 373 372 2
363 374 373 2
364 375 374 2
365 376 375 2
366 377 376 2
367 378 377 2
368 278 378 2
369 380 379 2
370 381 380 2
371 382 381 2
372 383 382 2
373 384 383 2
374 385 384 2
375 386 385 2
376 387 386 2
377 388 387 2
378 278 388 2
379 390 389 2
380 391 390 2
381 392 391 2
382 393 392 2
383 394 393 2
384 395 394 2
385 396 395 2
386 397 396 2
387 398 397 2
388 278 398 2
389 400 399 2
390 401 400 2
391 402 401 2
392 403 402 2
393 404 403 2
394 405 404 2
395 406 405 2
396 407 406 2
397 408 407 2
398 278 408 2
399 410 409 2
400 411 410 2
401 412 411 2
402 413 412 2
403 414 413 2
404 415 414 2
405 416 415 2
406 417 416 2
407 418 417 2
408 278 418 2
409 420 419 2
410 421 420 2
411 422 421 2
412 423 422 2
413 424 423 2
414 425 424 2
415 426 425 2
416 427 426 2
417 428 427 2
418 278 428 2
419 430 429 2
420 431 430 2
421 432 431 2
422 433 432 2
423 434 433 2
424 435 434 2
425 436 435 2
426 437 436 2
427 438 437 2
428 278 438 2
429 440 439 2
430 441 440 2
431 442 441 2
432 443 442 2
433 444 443 2
434 445 444 2
435 446 445 2
436 447 446 2
437 448 447 2
438 278 448 2
439 450 449 2
440 451 450 2
441 452 451 2
442 453 452 2
443 454 453 2
444 455 454 2
445 456 455 2
446 457 456 2
447 458 457 2
448 278 458 2
449 460 459 2
450 461 460 2
451 462 461 2
452 463 462 2
453 464 463 2
454 465 464 2
455 466 465 2
456 467 466 2
457 468 467 2
458 278 468 2
459 470 469 2
460 471 470 2
461 472 471 2
462 473 472 2
463 474 473 2
464 475 474 2
465 476 475 2
466 477 476 2
467 478 477 2
468 278 478 2
469 480 479 2
470 481 480 2
471 482 481 2
472 483 482 2
473 484 483 2
474 485 484 2
475 486 485 2
476 487 486 2
477 488 487 2
478 278 488 2
479 490 489 2
480 491 490 2
481 492 491 2
482 493 492 2
483 494 493 2
484 495 494 2
485 496 495 2
486 497 496 2
487 498 497 2
488 278 498 2
489 500 499 2
490 501 500 2
491 502 501 2
492 503 502 2
493 504 503 2
494 505 504 2
495 506 505 2
496 507 506 2
497 508 507 2
498 278 508 2
499 510 509 2
500 511 510 2
501 512 511 2
502 513 512 2
503 514 513 2
504 515 514 2
505 516 515 2
506 517 516 2
507 518 517 2
508 278 518 2
509 520 519 2
510 521 520 2
511 522 521 2
512 523 522 2
513 524 523 2
514 525 524 2
515 526 525 2
516 527 526 2
517 528 527 2
518 278 528 2
519 530 529 2
520 531 530 2
521 532 531 2
522 533 532 2
523 534 533 2
524 535 534 2
525 536 535 2
526 537 536 2
527 538 537 2
528 278 538 2
529 540 539 2
530 541 540 2
531 542 541 2
532 543 542 2
533 544 543 2
534 545 544 2
535 546 545 2
536 547 546 2
537 548 547 2
538 278 548 2
539 550 549 2
540 551 550 2
541 552 551 2
542 553 552 2
543 554 553 2
544 555 554 2
545 556 555 2
546 557 556 2
547 558 557 2
548 278 558 2
549 560 559 2
550 561 560 2
551 562 561 2
552 563 562 2
553 564 563 2
554 565 564 2
555 566 565 2
556 567 566 2
557 568 567 2
558 278 568 2
559 570 569 2
560 571 570 2
561 572 571 2
562 573 572 2
563 574 573 2
564 575 574 2
565 576 575 2
566 577 576 2
567 578 577 2
568 278 578 2
569 580 579 2
570 581 580 2
571 582 581 2
572 583 582 2
573 584 583 2
574 585 584 2
575 586 585 2
576 587 586 2
577 588 587 2
578 278 588 2
579 590 589 2
580 591 590 2
581 592 591 2
582 593 592 2
583 594 593 2
584 595 594 2
585 596 595 2
586 597 596 2
587 598 597 2
588 278 598 2
589 600 599 2
590 601 600 2
591 602 601 2
592 603 602 2
593 604 603 2
594 605 604 2
595 606 605 2
596 607 606 2
597 608 607 2
598 278 608 2
599 610 609 2
600 611 610 2
601 612 611 2
602 613 612 2
603 614 613 2
604 615 614 2
605 616 615 2
606 617 616 2
607 618 617 2
608 278 618 2
609 620 619 2
610 621 620 2
611 622 621 2
612 623 622 2
613 624 623 2
614 625 624 2
615 626 625 2
616 627 626 2
617 628 627 2
618 278 628 2
619 269 268 2
620 270 269 2
621 271 270 2
622 272 271 2
623 273 272 2
624 274 273 2
625 275 274 2
626 276 275 2
627 277 276 2
628 278 277 2
629 630 632 3
631 632 634 3
633 634 636 3
635 636 630 3
630 636 634 3
635 629 631 3
629 632 631 3
631 634 633 3
633 636 635 3
635 630 629 3
630 634 632 3
635 631 633 3
