0 -7.5 0
0 7.5 0
10 -7.5 0
10 -7.5 0
4.5 7.5 0
4.5 7.5 0
3.09016990661621 -7.5 9.51056480407715
3.09016990661621 -7.5 9.51056480407715
1.39057648181915 7.5 4.27975416183472
1.39057648181915 7.5 4.27975416183472
-8.09016990661621 -7.5 5.87785243988037
-8.09016990661621 -7.5 5.87785243988037
-3.64057636260986 7.5 2.64503359794617
-3.64057636260986 7.5 2.64503359794617
-8.09016990661621 -7.5 -5.87785243988037
-8.09016990661621 -7.5 -5.87785243988037
-3.64057636260986 7.5 -2.64503359794617
-3.64057636260986 7.5 -2.64503359794617
3.09016990661621 -7.5 -9.51056480407715
3.09016990661621 -7.5 -9.51056480407715
1.39057648181915 7.5 -4.27975416183472
1.39057648181915 7.5 -4.27975416183472
